20
0.00 1.08 1.31 0.65 0.96 1.04 0.49 1.27 0.31 0.85 1.08 0.84 1.65 1.08 0.77 0.67 0.88 0.89 0.52 0.68
1.08 0.00 1.21 1.07 0.73 0.72 1.28 1.64 1.42 1.17 1.21 0.75 0.63 0.86 1.14 1.21 0.66 1.47 0.82 0.58
1.31 1.21 0.00 0.66 1.42 0.65 1.10 1.21 0.90 0.96 1.51 1.07 0.94 1.27 0.45 1.29 1.70 0.70 1.44 0.84
0.65 1.07 0.66 0.00 1.57 0.63 1.28 1.06 0.87 0.35 1.48 0.78 1.05 1.06 0.68 1.03 1.46 0.54 0.70 1.04
0.96 0.73 1.42 1.57 0.00 1.62 0.59 0.92 0.91 1.06 0.88 0.96 1.19 1.30 1.62 1.13 0.58 1.67 0.58 1.05
1.04 0.72 0.65 0.63 1.62 0.00 1.37 1.58 1.36 1.22 1.16 1.34 0.78 1.14 0.58 0.63 1.03 1.07 1.32 0.77
0.49 1.28 1.10 1.28 0.59 1.37 0.00 1.12 0.45 1.26 0.75 1.16 1.50 1.14 1.13 0.67 0.85 1.23 0.71 0.57
1.27 1.64 1.21 1.06 0.92 1.58 1.12 0.00 1.10 0.55 0.80 1.10 1.01 0.98 1.43 1.13 1.06 0.79 0.89 1.83
0.31 1.42 0.90 0.87 0.91 1.36 0.45 1.10 0.00 0.95 1.07 0.68 1.71 1.09 0.55 0.97 1.33 0.59 0.89 0.71
0.85 1.17 0.96 0.35 1.06 1.22 1.26 0.55 0.95 0.00 1.26 0.53 0.83 1.30 1.25 1.41 1.07 0.66 0.68 1.40
1.08 1.21 1.51 1.48 0.88 1.16 0.75 0.80 1.07 1.26 0.00 1.06 0.76 0.84 1.47 0.49 0.53 1.08 1.12 1.00
0.84 0.75 1.07 0.78 0.96 1.34 1.16 1.10 0.68 0.53 1.06 0.00 0.70 0.76 0.95 1.63 1.04 0.48 0.98 0.68
1.65 0.63 0.94 1.05 1.19 0.78 1.50 1.01 1.71 0.83 0.76 0.70 0.00 0.87 1.34 1.35 0.72 0.96 1.37 0.93
1.08 0.86 1.27 1.06 1.30 1.14 1.14 0.98 1.09 1.30 0.84 0.76 0.87 0.00 0.86 1.04 1.18 0.62 0.94 0.79
0.77 1.14 0.45 0.68 1.62 0.58 1.13 1.43 0.55 1.25 1.47 0.95 1.34 0.86 0.00 1.06 1.57 0.45 1.45 0.67
0.67 1.21 1.29 1.03 1.13 0.63 0.67 1.13 0.97 1.41 0.49 1.63 1.35 1.04 1.06 0.00 0.83 1.30 0.80 1.00
0.88 0.66 1.70 1.46 0.58 1.03 0.85 1.06 1.33 1.07 0.53 1.04 0.72 1.18 1.57 0.83 0.00 1.53 0.96 0.94
0.89 1.47 0.70 0.54 1.67 1.07 1.23 0.79 0.59 0.66 1.08 0.48 0.96 0.62 0.45 1.30 1.53 0.00 1.32 0.97
0.52 0.82 1.44 0.70 0.58 1.32 0.71 0.89 0.89 0.68 1.12 0.98 1.37 0.94 1.45 0.80 0.96 1.32 0.00 1.10
0.68 0.58 0.84 1.04 1.05 0.77 0.57 1.83 0.71 1.40 1.00 0.68 0.93 0.79 0.67 1.00 0.94 0.97 1.10 0.00
